20 empleados
2	2	2	2	 maquinas por proceso
3.9969737133095187	4.420138879892952	5.068251692721967	5.796731297865597	 costos por proceso
2 turnos
100 galletas
79 3	75 2	40 2	49 2	39 2	63 1	46 1	41 2	
64 6	103 2	57 2	46 2	101 4	75 5	43 3	57 4	
83 3	53 7	32 3	36 3	63 7	96 4	56 4	47 4	
28 5	79 3	39 3	43 3	48 2	30 6	38 3	24 2	
63 3	30 4	25 3	26 3	81 8	69 7	49 4	42 5	
60 4	46 2	54 1	57 1	59 3	61 2	59 2	53 3	
97 5	43 4	38 2	55 2	54 2	62 4	57 0	45 0	
73 6	66 5	42 2	34 3	92 6	75 4	42 3	46 3	
37 6	92 5	50 2	38 3	47 6	87 5	42 4	58 4	
53 6	48 3	44 3	24 3	50 2	73 5	33 2	37 1	
36 3	64 1	33 1	32 0	28 2	78 2	38 0	25 1	
71 5	83 4	40 2	44 2	98 5	86 4	64 2	50 3	
76 1	41 5	50 1	46 1	62 2	76 3	29 2	36 2	
37 5	43 3	41 3	38 3	96 5	60 4	48 4	55 4	
24 5	74 4	44 1	22 1	47 5	25 4	26 2	26 2	
61 3	48 4	45 2	28 1	53 3	34 2	54 1	44 2	
72 7	74 7	45 3	35 4	91 4	40 2	53 2	38 3	
52 4	56 4	58 1	48 0	93 4	36 2	49 0	52 1	
35 3	64 6	45 3	46 3	26 6	27 5	36 2	44 2	
42 4	73 3	53 2	51 2	47 4	69 3	39 4	39 4	
