50 empleados
9	9	10	9	 maquinas por proceso
3.8571276623675184	4.641106856163136	5.1570201869195165	5.475996842009007	 costos por proceso
2 turnos
300 galletas
67 2	25 3	27 2	23 2	70 5	74 4	22 3	43 2	
28 6	43 5	47 2	30 3	37 4	88 2	40 3	27 2	
67 4	43 1	37 0	41 0	31 2	76 3	47 1	40 2	
77 0	48 1	45 0	35 0	38 3	94 3	55 1	34 2	
29 3	51 1	29 2	33 1	41 5	68 1	42 1	40 2	
63 4	39 0	37 0	44 0	77 1	98 3	38 1	53 1	
58 8	45 5	58 4	58 5	46 7	73 6	39 3	48 4	
75 4	65 3	37 3	29 3	54 3	42 4	18 3	18 2	
48 5	58 1	46 1	31 2	62 4	45 2	35 1	37 2	
43 5	43 4	44 5	58 5	79 6	45 3	47 3	58 4	
43 5	99 4	52 3	46 4	47 7	77 3	61 3	65 3	
55 2	93 4	41 0	56 0	84 3	92 1	54 1	45 0	
80 4	68 6	47 4	46 4	53 7	48 7	37 5	53 5	
44 2	83 5	50 2	32 1	45 5	67 4	34 3	56 3	
52 6	48 7	25 3	24 3	51 3	57 6	43 3	27 2	
32 1	87 1	49 1	33 2	50 3	56 2	34 2	38 1	
34 4	49 5	39 4	26 4	94 4	39 4	47 4	36 4	
42 4	71 4	57 2	60 2	104 1	69 4	58 2	48 2	
78 3	46 4	36 1	47 2	86 4	66 4	40 1	51 1	
71 3	82 4	46 1	47 1	83 4	33 3	30 2	38 2	
51 4	97 2	48 1	54 0	71 5	90 4	49 2	34 2	
92 1	85 1	59 1	50 2	101 4	99 6	62 2	56 3	
88 7	45 3	53 4	45 3	56 6	38 6	34 4	28 4	
53 5	55 2	40 2	51 1	100 2	93 1	49 0	50 0	
45 2	79 5	62 1	50 1	85 2	79 1	54 0	58 0	
72 2	51 1	48 0	47 0	52 0	98 3	51 1	41 1	
69 7	57 7	38 5	47 5	35 3	32 6	50 3	32 3	
79 4	72 6	50 2	33 2	87 4	77 5	46 4	50 3	
98 2	51 4	53 1	43 1	96 2	95 4	46 0	42 1	
33 6	70 4	48 3	56 3	51 5	85 5	31 3	52 3	
54 4	82 4	48 2	44 3	85 3	56 2	49 2	36 2	
52 1	75 1	47 1	49 1	99 2	75 3	56 2	56 1	
35 6	28 3	39 4	23 4	71 5	43 4	33 4	31 3	
49 4	63 4	47 4	43 4	76 4	38 4	42 3	44 3	
60 7	56 6	45 4	40 3	51 3	32 5	39 3	43 2	
65 4	56 2	51 2	55 2	46 6	68 6	52 2	64 2	
90 4	46 2	38 1	50 0	66 3	62 4	48 1	54 2	
71 6	52 2	53 3	38 3	79 4	53 3	40 3	31 2	
58 6	78 6	50 4	43 4	66 5	57 5	45 4	44 4	
44 5	56 7	47 5	47 5	55 4	70 6	52 5	50 4	
37 3	54 3	41 4	45 3	69 7	57 4	57 3	54 3	
34 4	52 3	53 3	36 2	54 5	89 6	57 3	41 3	
40 6	85 2	53 3	50 3	69 6	61 3	46 3	47 2	
57 5	95 2	45 3	60 3	105 2	101 4	60 2	49 3	
63 5	61 3	49 3	30 2	44 3	34 6	29 4	37 3	
83 1	69 5	51 2	33 2	68 1	62 3	31 0	32 1	
42 5	51 5	54 2	61 2	94 5	64 2	47 3	41 3	
91 2	71 5	52 2	42 2	93 3	95 2	57 3	58 3	
86 6	58 6	40 4	38 4	77 5	54 5	31 4	39 3	
28 1	89 4	47 1	31 1	78 3	71 3	36 0	34 1	
