85 empleados
10	10	10	9	 maquinas por proceso
3.5394749459933332	4.085144167856692	4.609595335088445	5.1403974888551875	 costos por proceso
2 turnos
600 galletas
76 4	80 1	53 1	46 1	100 0	45 3	66 0	52 1	
38 6	71 4	52 3	51 3	90 3	43 3	50 2	29 2	
52 5	84 1	34 2	32 1	89 3	67 5	42 2	30 1	
66 2	80 4	32 3	36 2	46 2	47 2	34 2	42 3	
65 4	66 7	53 3	40 3	83 3	79 7	36 4	43 4	
97 7	51 6	53 4	59 5	38 4	38 3	50 3	46 4	
46 4	74 3	31 2	46 2	55 0	74 1	53 1	51 0	
34 4	22 3	22 3	24 3	30 5	74 4	36 4	45 3	
68 2	48 2	60 3	39 2	85 2	51 1	53 2	39 1	
45 0	83 4	44 1	40 1	42 1	78 1	53 2	60 1	
93 7	65 6	48 3	34 4	33 7	68 7	48 5	34 4	
85 4	41 2	53 2	58 1	40 4	64 5	43 2	41 2	
43 1	43 4	30 1	33 2	31 4	70 4	45 1	38 1	
71 3	42 5	31 3	42 3	48 2	67 4	47 2	49 3	
67 6	49 4	40 2	30 2	82 6	40 4	35 2	34 3	
62 4	86 2	32 1	37 1	73 5	85 1	56 2	53 2	
76 6	48 2	45 2	49 3	56 6	91 6	37 3	51 3	
53 6	35 3	41 4	42 4	38 7	86 3	47 4	31 3	
85 5	92 2	48 2	50 2	33 6	90 4	36 2	38 2	
60 3	84 2	48 1	46 0	70 4	55 2	49 1	42 0	
39 4	55 5	41 3	56 4	90 6	64 5	40 4	53 4	
60 4	85 1	44 2	37 2	74 3	36 1	29 2	36 1	
31 4	33 5	39 3	39 4	66 7	56 5	35 4	35 3	
59 3	51 4	42 3	59 3	87 6	43 5	32 4	55 4	
87 1	49 4	43 2	39 1	76 2	52 2	29 0	25 0	
35 2	54 4	55 2	43 3	55 4	44 3	34 2	56 2	
38 2	87 6	44 3	38 2	62 3	36 3	51 1	30 1	
79 7	90 4	33 4	40 4	23 3	78 4	20 3	42 4	
62 5	41 3	34 2	52 3	81 5	95 3	56 3	46 3	
81 7	62 4	56 5	35 4	45 6	86 7	41 3	41 3	
57 7	68 3	24 3	41 3	68 6	57 5	40 4	39 3	
54 5	35 7	52 4	46 4	39 4	82 6	33 2	46 3	
64 5	66 3	38 1	44 2	36 4	69 3	36 0	29 0	
75 3	88 3	62 2	55 3	65 3	82 3	56 3	35 2	
65 5	88 6	36 4	36 4	50 4	43 6	57 3	54 4	
66 1	101 5	60 1	55 2	35 1	50 4	48 2	43 1	
77 1	48 5	46 2	56 2	82 5	97 5	58 1	50 2	
76 3	45 3	49 1	49 1	80 4	80 2	32 0	35 0	
38 1	55 0	44 1	35 0	93 1	38 3	35 0	46 0	
42 3	55 5	37 3	38 3	46 8	51 7	31 5	52 4	
77 3	47 5	32 3	31 2	51 4	83 5	45 2	44 2	
79 2	71 1	26 2	37 1	36 4	65 2	32 0	36 0	
100 2	58 5	46 3	52 2	65 4	57 4	45 3	42 2	
48 1	53 4	52 2	46 2	69 1	59 2	36 1	38 1	
52 1	80 2	46 1	38 2	68 2	44 2	43 0	52 1	
83 3	76 5	27 4	31 3	44 6	45 4	51 3	36 3	
40 1	28 4	36 2	49 1	65 1	90 2	47 2	36 1	
69 3	41 2	44 3	53 3	53 5	46 6	36 3	31 2	
34 8	51 6	46 5	37 5	74 7	70 4	34 5	41 4	
36 3	55 1	27 1	36 1	38 0	69 3	32 0	41 0	
81 5	50 5	54 3	51 3	93 2	79 3	38 2	33 3	
65 2	61 4	38 1	46 1	90 2	27 4	28 1	38 0	
17 6	34 4	18 5	32 5	43 5	34 5	33 5	41 5	
94 3	45 4	44 2	41 3	85 3	64 5	38 4	38 4	
76 5	37 6	29 2	46 2	45 5	76 3	22 2	36 2	
82 5	50 6	39 2	28 3	83 7	35 4	39 4	45 3	
73 7	49 8	49 4	32 5	61 4	39 4	26 5	34 4	
35 4	92 3	52 2	32 2	51 5	57 3	47 2	38 3	
44 3	40 4	32 2	49 3	68 2	46 2	46 2	38 2	
63 4	53 3	44 1	27 2	38 2	64 1	28 1	28 0	
34 3	50 1	32 1	31 2	77 2	77 6	43 2	30 3	
46 3	92 5	41 3	44 4	77 7	78 6	40 3	46 4	
38 1	76 1	40 1	62 1	52 5	76 5	47 3	44 2	
20 4	23 4	38 0	36 1	76 3	63 2	23 1	23 2	
88 6	73 5	56 5	52 5	64 6	73 5	32 4	43 4	
62 6	75 8	37 4	25 5	33 4	77 4	22 5	20 4	
82 5	51 3	60 3	55 3	47 3	69 5	43 1	45 1	
37 4	40 7	48 4	48 3	42 2	59 6	46 2	50 3	
84 7	94 4	51 4	49 4	77 5	42 7	40 4	33 4	
62 0	53 4	39 1	38 1	61 0	32 1	45 0	51 1	
35 5	32 2	26 3	49 3	74 4	26 1	29 1	45 2	
45 3	49 5	36 4	44 3	62 7	75 5	53 3	55 4	
68 4	92 6	57 3	40 4	91 5	42 4	57 2	34 2	
40 2	36 2	35 1	37 1	41 2	55 3	39 0	36 0	
39 5	57 7	57 5	49 5	84 6	41 4	54 5	60 4	
45 6	72 6	50 5	62 4	52 3	45 5	58 4	52 3	
71 5	45 3	44 2	40 3	98 5	85 6	61 3	42 3	
97 6	89 3	53 4	59 3	86 7	82 5	53 4	36 4	
76 1	33 2	36 0	50 1	47 0	57 4	43 1	38 0	
45 4	76 2	43 3	39 2	54 4	53 7	44 4	42 3	
45 5	34 4	39 3	37 3	89 4	37 6	33 3	48 4	
88 5	66 7	50 4	56 3	72 4	99 3	38 3	45 4	
37 4	90 7	42 5	46 4	73 7	51 4	61 5	59 4	
37 6	56 4	32 5	18 5	73 3	23 7	28 3	22 4	
42 2	58 3	58 2	54 2	63 3	78 5	56 3	55 2	
